0.0849573388696, 0.915042638779
0.215066105127, 0.784933924675
0.875107765198, 0.124892197549
0.0528376027942, 0.947162330151
0.325572311878, 0.674427747726
0.476671010256, 0.523329019547
0.292113810778, 0.70788615942
0.717901110649, 0.282098889351
0.0239878259599, 0.97601211071
0.286153048277, 0.713846981525
0.465818375349, 0.534181654453
0.374193638563, 0.625806331635
0.148480013013, 0.851520001888
0.0522631555796, 0.947736859322
0.733125269413, 0.266874700785
0.784739434719, 0.215260520577
0.539958834648, 0.460041165352
0.806883275509, 0.193116754293
0.604113280773, 0.395886659622
0.891004860401, 0.108995117247
0.164636448026, 0.835363566875
0.530537605286, 0.469462364912
0.946226418018, 0.0537735745311
0.795633733273, 0.204366207123
0.440753608942, 0.559246361256
0.705580472946, 0.294419527054
0.52434271574, 0.475657314062
0.483636021614, 0.516363918781
0.351848959923, 0.648151099682
0.728039264679, 0.271960765123
0.683593273163, 0.316406756639
0.663285255432, 0.336714714766
0.565564870834, 0.434435158968
0.560066401958, 0.439933598042
0.979180514812, 0.0208194907755
0.81209564209, 0.187904402614
0.686065971851, 0.313934057951
0.323082447052, 0.676917552948
0.465134203434, 0.534865796566
0.628422319889, 0.371577680111
0.796192348003, 0.203807622194
0.900794565678, 0.0992054864764
0.696192026138, 0.303807973862
0.221281051636, 0.778718948364
0.326404154301, 0.673595905304
0.377509057522, 0.622490942478
0.837527453899, 0.162472516298
0.0557150617242, 0.944284915924
0.754880785942, 0.245119228959
0.0128415944055, 0.987158417702
0.497504234314, 0.502495765686
0.780102491379, 0.21989749372
0.089171141386, 0.910828828812
0.698554933071, 0.301445096731
0.466637820005, 0.533362150192
0.248263165355, 0.751736819744
0.978350818157, 0.0216492004693
0.542802989483, 0.457197040319
0.401857763529, 0.598142266273
0.846076011658, 0.153924033046
0.928370773792, 0.0716292634606
0.0745071917772, 0.925492763519
0.823775053024, 0.176224976778
0.854643285275, 0.145356759429
0.330796211958, 0.66920375824
0.808741986752, 0.191258072853
0.417016714811, 0.582983314991
0.903516352177, 0.0964836552739
0.468200445175, 0.531799614429
0.870931625366, 0.129068374634
0.511756122112, 0.488243848085
0.734118163586, 0.265881896019
0.0106804380193, 0.989319622517
0.326775729656, 0.673224270344
0.839698791504, 0.160301238298
0.592421472073, 0.40757855773
0.556803405285, 0.443196594715
0.468624770641, 0.531375229359
0.656515240669, 0.343484789133
0.868686378002, 0.131313621998
0.929092407227, 0.0709076523781
0.741338014603, 0.2586620152
0.585201442242, 0.414798527956
0.511600792408, 0.488399237394
0.619853854179, 0.380146175623
0.209929361939, 0.790070652962
0.168601021171, 0.831398963928
0.452246814966, 0.547753214836
0.669370651245, 0.33062940836
0.527802705765, 0.472197324038
0.943969130516, 0.0560308396816
0.819000124931, 0.180999904871
0.178328618407, 0.821671426296
0.316412180662, 0.68358784914
0.200056239963, 0.799943745136
0.22861802578, 0.771382033825
0.00778254354373, 0.992217481136
0.787887692451, 0.212112337351
0.396445512772, 0.603554487228
0.529825985432, 0.470174044371
0.713835716248, 0.286164283752
0.13460804522, 0.865391969681
0.379347443581, 0.620652556419
0.761409461498, 0.238590538502
0.461201876402, 0.5387981534
0.572525262833, 0.427474677563
0.0583415254951, 0.941658496857
0.515734255314, 0.484265774488
0.26573947072, 0.734260499477
0.516202688217, 0.483797281981
0.594490885735, 0.405509084463
0.379313081503, 0.620686948299
0.410803288221, 0.589196801186
0.6294875741, 0.370512396097
0.69396674633, 0.306033223867
0.868709087372, 0.13129094243
0.600443124771, 0.399556964636
0.41840159893, 0.581598341465
0.316017061472, 0.683982908726
0.892334461212, 0.107665508986
0.847833454609, 0.152166500688
0.461823701859, 0.538176298141
0.0540543198586, 0.945945680141
0.897262096405, 0.102737940848
0.813179433346, 0.18682050705
0.0528184510767, 0.947181522846
0.600370526314, 0.399629473686
0.145890578628, 0.854109466076
0.104507178068, 0.895492851734
0.840278744698, 0.159721240401
0.773689985275, 0.226309999824
0.572382390499, 0.427617579699
0.21365968883, 0.786340355873
0.321132928133, 0.678867101669
0.603585362434, 0.396414577961
0.296361863613, 0.703638076782
0.750931143761, 0.249068811536
0.687968373299, 0.312031626701
0.522484481335, 0.477515548468
0.241675883532, 0.758324146271
0.198616504669, 0.801383495331
0.0727414414287, 0.927258491516
0.840822994709, 0.159177005291
0.19636708498, 0.803632855415
0.637114644051, 0.362885385752
0.348256081343, 0.65174394846
0.252605944872, 0.747394025326
0.159366220236, 0.840633749962
0.310109108686, 0.689890921116
0.506621837616, 0.493378192186
0.704473495483, 0.295526504517
0.618204891682, 0.381795108318
0.840445041656, 0.159554958344
0.255114972591, 0.744885027409
0.901540517807, 0.0984594598413
0.123592250049, 0.8764077425
0.719505429268, 0.280494600534
0.912040770054, 0.0879591852427
0.508747518063, 0.491252481937
0.648787677288, 0.35121229291
0.525697886944, 0.474302053452
0.132896855474, 0.867103099823
0.176796674728, 0.823203325272
0.162734538317, 0.837265431881
0.470278412104, 0.529721617699
0.887726485729, 0.112273521721
0.0162645261735, 0.983735501766
0.0820791572332, 0.917920827866
0.10417599231, 0.895823955536
0.271974861622, 0.728025138378
0.815351486206, 0.184648558497
0.750958859921, 0.249041095376
0.82673728466, 0.173262670636
0.907103836536, 0.0928961709142
0.677554368973, 0.322445601225
0.795981168747, 0.204018861055
0.440790325403, 0.559209644794
0.866730570793, 0.13326947391
0.419603765011, 0.580396294594
0.207781195641, 0.792218804359
0.957557320595, 0.0424426458776
0.761164903641, 0.238835126162
0.0449729785323, 0.955027043819
0.41365391016, 0.58634608984
0.497613787651, 0.502386152744
0.748888075352, 0.251111894846
0.531735479832, 0.468264520168
0.0517028979957, 0.948297083378
0.655590295792, 0.344409734011
0.813274204731, 0.186725825071
0.992646694183, 0.0073532811366
0.384055316448, 0.615944683552
0.408685624599, 0.591314375401
0.413226813078, 0.586773216724
0.668252229691, 0.331747740507
0.0209347903728, 0.979065179825
0.0595604144037, 0.940439581871
0.17777210474, 0.822227954865
0.186807200313, 0.813192844391
0.293193846941, 0.706806182861
0.265348702669, 0.734651267529
0.2027233392, 0.797276675701
0.705639243126, 0.294360697269
0.578356444836, 0.421643555164
0.686259746552, 0.313740193844
0.141513139009, 0.858486831188
0.200004950166, 0.799995064735
0.262917786837, 0.737082242966
0.781623184681, 0.218376800418
0.500112831593, 0.499887168407
0.409528434277, 0.590471506119
0.0253702513874, 0.974629700184
0.0794388875365, 0.920561134815
0.589130342007, 0.410869657993
0.750709116459, 0.249290883541
0.718409955502, 0.281590074301
0.366126209497, 0.6338737607
0.232019215822, 0.767980754375
0.965965509415, 0.0340344570577
0.886023283005, 0.113976702094
0.449268817902, 0.550731241703
0.563612401485, 0.436387687922
0.667846381664, 0.332153618336
0.0777624100447, 0.922237575054
0.165354371071, 0.834645628929
0.338665217161, 0.661334812641
0.418126910925, 0.581873118877
0.284100949764, 0.71589910984
0.90229588747, 0.0977040678263
0.332373172045, 0.667626798153
0.89144462347, 0.10855537653
0.432555556297, 0.567444503307
0.837833881378, 0.162166118622
0.939073562622, 0.0609264262021
0.15468980372, 0.845310211182
0.470748186111, 0.529251813889
0.575405240059, 0.424594730139
0.949235081673, 0.0507649071515
0.724177896976, 0.275822103024
0.63324958086, 0.36675041914
0.49988219142, 0.500117778778
0.57815271616, 0.421847224236
0.913607895374, 0.0863920748234
0.722002625465, 0.277997344732
0.164220914245, 0.835779130459
0.761209189892, 0.238790854812
0.924748003483, 0.0752519667149
0.725978076458, 0.27402189374
0.879641056061, 0.120358906686
0.60153222084, 0.398467838764
0.221138939261, 0.778861045837
0.249761387706, 0.750238597393
0.731694638729, 0.268305391073
0.549081146717, 0.450918853283
0.832497417927, 0.167502626777
0.284184873104, 0.715815126896
0.791411459446, 0.208588525653
0.215703457594, 0.784296512604
0.831979393959, 0.168020606041
0.192320898175, 0.807679116726
0.71165060997, 0.288349360228
0.269031018019, 0.730969011784
0.558881759644, 0.441118240356
0.591175019741, 0.408824950457
0.340393364429, 0.659606635571
0.969674825668, 0.030325120315
0.802783966064, 0.197215989232
0.518784761429, 0.481215268373
0.561668097973, 0.438331872225
0.826202273369, 0.173797741532
0.753974378109, 0.246025666595
0.271695375443, 0.728304564953
0.477058053017, 0.522941887379
0.390956431627, 0.609043478966
0.756541907787, 0.243458077312
0.0919807627797, 0.908019185066
0.554690778255, 0.445309221745
0.635208904743, 0.364791035652
0.665305554867, 0.334694445133
0.275518894196, 0.7244810462
0.649240374565, 0.350759595633
0.457730799913, 0.542269229889
0.782855272293, 0.21714477241
0.253811746836, 0.746188282967
0.737553298473, 0.262446761131
0.0432404540479, 0.956759572029
0.756668746471, 0.243331298232
0.532034873962, 0.467965126038
0.778901278973, 0.221098765731
0.771147787571, 0.228852182627
0.552750945091, 0.447249054909
0.496656388044, 0.503343582153
0.435349464417, 0.564650475979
0.159298315644, 0.840701639652
0.580472826958, 0.41952714324
0.262757539749, 0.737242519855
0.141955778003, 0.858044207096
0.132836863399, 0.8671631217
0.282885849476, 0.717114150524
0.460064411163, 0.539935588837
0.642428517342, 0.357571482658
0.659152269363, 0.340847730637
0.190414726734, 0.809585273266
0.0993468686938, 0.900653123856
0.633128285408, 0.366871744394
0.361572504044, 0.638427555561
0.931479036808, 0.0685210078955
0.139748990536, 0.860251009464
0.366809725761, 0.633190274239
0.157876506448, 0.842123508453
0.339084148407, 0.660915851593
0.313649982214, 0.686350047588
0.182286009192, 0.817713975906
0.522582888603, 0.477417051792
0.896486938, 0.103513039649
0.0531168878078, 0.946883141994
0.759272634983, 0.240727394819
0.398675829172, 0.601324141026
0.323852688074, 0.676147282124
0.509428560734, 0.490571469069
0.242951244116, 0.757048785686
0.0443607755005, 0.955639183521
0.991264402866, 0.00873562786728
0.31260997057, 0.68739002943
0.491490393877, 0.508509635925
0.706510901451, 0.293489098549
0.414045155048, 0.585954785347
0.745152235031, 0.254847794771
0.277690172195, 0.722309827805
0.780979633331, 0.219020366669
0.46908351779, 0.530916452408
0.73921585083, 0.260784089565
0.933898568153, 0.0661014392972
0.355838060379, 0.644161999226
0.236356914043, 0.763643145561
0.333573430777, 0.666426599026
0.435782462358, 0.564217567444
0.633850753307, 0.36614921689
0.293095856905, 0.706904172897
0.500357210636, 0.499642848969
0.680357813835, 0.31964224577
0.930147886276, 0.0698521211743
0.332537263632, 0.667462706566
0.570383787155, 0.429616242647
0.830906867981, 0.169093132019
0.509387791157, 0.490612179041
0.72402971983, 0.27597028017
0.205012783408, 0.794987201691
0.344875991344, 0.655123949051
0.855118751526, 0.144881248474
0.883262813091, 0.116737216711
0.576189219952, 0.423810809851
0.905836760998, 0.0941632315516
0.127251386642, 0.872748613358
0.476910322905, 0.523089647293
0.511539101601, 0.488460868597
0.60049790144, 0.39950209856
0.0625756978989, 0.937424361706
0.942614853382, 0.0573850907385
0.0298435073346, 0.970156490803
0.528958857059, 0.471041172743
0.757658302784, 0.242341712117
0.854622840881, 0.145377188921
0.513823866844, 0.486176103354
0.445941329002, 0.554058730602
0.760041117668, 0.239958882332
0.502802789211, 0.497197240591
0.6745403409, 0.325459688902
0.626251041889, 0.373748987913
0.591088175774, 0.408911824226
0.704288721085, 0.295711219311
0.574782669544, 0.425217330456
0.712748765945, 0.287251293659
0.950854539871, 0.0491455048323
0.970155417919, 0.0298446100205
0.532992839813, 0.467007189989
0.574450910091, 0.425549060106
0.63236194849, 0.367638111115
0.52060854435, 0.479391515255
0.344166368246, 0.655833661556
0.717633366585, 0.282366663218
0.282233476639, 0.717766523361
0.779757976532, 0.220242068172
0.558027565479, 0.441972464323
0.580576121807, 0.419423848391
0.376639485359, 0.623360514641
0.707779765129, 0.292220205069
0.457631021738, 0.542369008064
0.65010201931, 0.349898040295
0.688024699688, 0.311975330114
0.428153246641, 0.571846783161
0.299026757479, 0.700973212719
0.00177569431253, 0.998224318027
0.328426480293, 0.671573519707
0.668407082558, 0.331592947245
0.722998380661, 0.277001559734
0.821270227432, 0.178729772568
0.418856024742, 0.581143915653
0.355616182089, 0.644383847713
0.683294832706, 0.316705197096
0.277551740408, 0.722448289394
0.494266659021, 0.505733311176
0.746638536453, 0.253361493349
0.667455971241, 0.332544058561
0.811843931675, 0.188156038523
0.426240831614, 0.573759198189
0.351014226675, 0.648985743523
0.363803237677, 0.636196792126
0.242721617222, 0.757278442383
0.217532798648, 0.782467186451
0.205234497786, 0.794765532017
0.512070417404, 0.487929612398
0.7103074193, 0.2896925807
0.908808767796, 0.0911912247539
0.153130993247, 0.846869051456
0.385905504227, 0.614094495773
0.297289997339, 0.702709972858
0.514886200428, 0.48511376977
0.995105922222, 0.00489411503077
0.434631973505, 0.565368115902
0.187838315964, 0.812161684036
0.758353173733, 0.241646826267
0.341492950916, 0.658507049084
0.524429857731, 0.475570201874
0.52609795332, 0.473901987076
0.562335669994, 0.437664300203
0.557644844055, 0.442355215549
0.0908330306411, 0.909166991711
0.403383791447, 0.596616208553
0.286111056805, 0.7138890028
0.157417178154, 0.842582821846
0.933565139771, 0.0664348676801
0.509346544743, 0.49065348506
0.431197494268, 0.568802535534
0.645903587341, 0.354096353054
0.30515781045, 0.694842219353
0.0460229665041, 0.953977048397
0.600822091103, 0.399177879095
0.24178403616, 0.75821596384
0.791330814362, 0.208669140935
0.473871827126, 0.526128172874
0.889330685139, 0.110669329762
0.607493460178, 0.392506539822
0.661668002605, 0.338332027197
0.928211688995, 0.0717883482575
0.466729253531, 0.533270716667
0.389662116766, 0.610337853432
0.985037207603, 0.0149628026411
0.205495297909, 0.794504702091
0.150265827775, 0.849734127522
0.780481994152, 0.219518050551
0.389861822128, 0.610138177872
0.93861836195, 0.0613816939294
0.268619060516, 0.731380879879
0.309843271971, 0.690156757832
0.872582137585, 0.127417847514
0.676329553127, 0.323670387268
0.0355377085507, 0.964462280273
0.532538592815, 0.467461407185
0.884337007999, 0.115663021803
0.436001628637, 0.563998281956
0.649751186371, 0.350248783827
0.63426309824, 0.36573690176
0.768469333649, 0.231530681252
0.258471220732, 0.741528809071
0.391974419355, 0.608025550842
0.523666620255, 0.476333379745
0.362199664116, 0.637800335884
0.134556114674, 0.865443885326
0.332339674234, 0.667660295963
0.478271186352, 0.521728813648
0.784360229969, 0.215639740229
0.837363898754, 0.162636071444
0.820156931877, 0.179843083024
0.239968121052, 0.760031878948
0.657610416412, 0.342389583588
0.289497345686, 0.710502624512
0.842518806458, 0.157481193542
0.348217099905, 0.651782929897
0.101572617888, 0.898427426815
0.528118133545, 0.471881836653
0.262477964163, 0.737522065639
0.925536930561, 0.0744630694389
0.754275083542, 0.245724916458
0.570998072624, 0.429001927376
0.135015890002, 0.864984095097
0.506683707237, 0.493316292763
0.180394768715, 0.819605231285
0.616727828979, 0.383272111416
0.795065462589, 0.204934537411
0.582800805569, 0.417199224234
0.451980233192, 0.548019766808
0.819784998894, 0.180215030909
0.918341457844, 0.0816585868597
0.860744357109, 0.13925562799
0.32946574688, 0.67053425312
0.508758723736, 0.491241335869
0.38475266099, 0.615247309208
0.718176186085, 0.281823754311
0.322604387999, 0.677395641804
0.973534703255, 0.026465324685
0.205589041114, 0.794410943985
0.653845608234, 0.346154361963
0.760606050491, 0.23939396441
0.222392290831, 0.777607679367
0.498365402222, 0.501634538174
0.446325987577, 0.553673923016
0.150765225291, 0.849234759808
0.819962978363, 0.180037051439
0.033872935921, 0.966127097607
0.726102054119, 0.273897945881
0.0989243760705, 0.901075661182
0.840023815632, 0.159976124763
0.510439097881, 0.489560872316
0.740027010441, 0.259972989559
0.343050211668, 0.65694975853
0.618725001812, 0.381275057793
0.503863334656, 0.496136665344
0.0166435483843, 0.983356416225
0.436169415712, 0.56383061409
0.967980206013, 0.0320197679102
0.121756620705, 0.878243327141
0.395036697388, 0.604963362217
0.514632642269, 0.485367298126
0.0629205182195, 0.937079429626
0.146703243256, 0.853296816349
0.0992827117443, 0.900717318058
0.506237328053, 0.493762671947
0.0584149323404, 0.94158500433
0.633746027946, 0.366253972054
0.422064721584, 0.57793533802
0.138309210539, 0.861690759659
0.424705177546, 0.575294852257
0.185454428196, 0.814545512199
0.976561486721, 0.0234385058284
0.476516366005, 0.523483633995
0.316232979298, 0.683767020702
0.738033354282, 0.26196667552
0.989576876163, 0.0104230875149
0.497059494257, 0.502940535545
0.863654255867, 0.136345759034
0.20167195797, 0.798328101635
0.787394046783, 0.212605908513
0.64662861824, 0.35337138176
0.120373614132, 0.879626333714
0.00845216307789, 0.991547882557
0.592466771603, 0.4075332582
0.432590544224, 0.567409455776
0.469915002584, 0.530084967613
0.127431616187, 0.872568368912
0.932086527348, 0.0679135099053
0.766250669956, 0.233749374747
0.676709532738, 0.323290556669
0.560910105705, 0.439089864492
0.844428360462, 0.155571624637
0.178917229176, 0.821082770824
0.454031020403, 0.54596889019
0.767577290535, 0.23242264986
0.589373171329, 0.410626858473
0.488869786263, 0.511130154133
0.435990571976, 0.564009487629
0.20442044735, 0.795579493046
0.194877564907, 0.805122435093
0.0396408811212, 0.960359096527
0.358729422092, 0.641270577908
0.874558568001, 0.125441476703
0.344520390034, 0.655479669571
0.652414977551, 0.347584962845
0.479613125324, 0.520386874676
0.229737684131, 0.770262300968
0.508650124073, 0.491349816322
0.764844894409, 0.235155150294
0.693292737007, 0.306707233191
0.654278457165, 0.34572160244
0.738883197308, 0.261116802692
0.49065053463, 0.509349524975
0.619255542755, 0.380744457245
0.048457827419, 0.951542139053
0.0464333705604, 0.953566610813
0.388695329428, 0.611304700375
0.780408203602, 0.219591811299
0.693311154842, 0.306688845158
0.523345470428, 0.476654559374
0.0316992215812, 0.968300759792
0.608750581741, 0.391249358654
0.228133156896, 0.771866858006
0.211354345083, 0.788645684719
0.507058143616, 0.492941915989
0.611417531967, 0.388582497835
0.304621040821, 0.695378959179
0.954177737236, 0.0458222553134
0.445433825254, 0.554566204548
0.00219224859029, 0.997807741165
0.145594730973, 0.854405283928
0.448078453541, 0.551921606064
0.118813626468, 0.881186425686
0.133005037904, 0.866994917393
0.871940910816, 0.128059104085
0.777103185654, 0.222896799445
0.707600235939, 0.292399734259
0.968357682228, 0.0316423214972
0.229023516178, 0.770976543427
0.758731544018, 0.241268441081
0.348138093948, 0.651861906052
0.0974560081959, 0.902544021606
0.639514505863, 0.360485523939
0.116695553064, 0.883304476738
0.345702379942, 0.654297590256
0.363418370485, 0.636581659317
0.13417994976, 0.86582005024
0.836237072945, 0.163763001561
0.487173587084, 0.512826383114
0.634759783745, 0.365240186453
0.731742143631, 0.268257826567
0.629224836826, 0.370775222778
0.754818856716, 0.245181113482
0.304615736008, 0.695384263992
0.361915171146, 0.638084769249
0.280132174492, 0.719867765903
0.7914955616, 0.208504378796
0.80943697691, 0.190562993288
0.781894087791, 0.218105942011
0.30478438735, 0.695215642452
0.970898807049, 0.0291012041271
0.396376729012, 0.603623270988
0.701260507107, 0.298739433289
0.609780907631, 0.390219122171
0.708183526993, 0.291816443205
0.794924974442, 0.205075070262
0.64446747303, 0.35553252697
0.417169421911, 0.582830548286
0.711553275585, 0.288446724415
0.500535011292, 0.499464988708
0.420352041721, 0.579648017883
0.940621256828, 0.059378772974
0.512341499329, 0.487658500671
0.10022547096, 0.899774551392
0.147191822529, 0.852808117867
0.621213316917, 0.37878665328
0.105656050146, 0.894343972206
0.510658442974, 0.489341527224
0.786275982857, 0.213724017143
0.495919913054, 0.504080057144
0.969400823116, 0.0305991936475
0.844498455524, 0.155501514673
0.289056897163, 0.710943102837
0.879205942154, 0.120794050395
0.310125380754, 0.689874589443
0.610274851322, 0.389725148678
0.705763339996, 0.294236630201
0.552882015705, 0.4471180439
0.507461905479, 0.492538064718
0.17569129169, 0.824308693409
0.953583419323, 0.0464165955782
0.617649018764, 0.382350981236
0.852016329765, 0.147983700037
0.384967595339, 0.615032374859
0.503020346165, 0.496979653835
0.374094516039, 0.625905573368
0.838499128819, 0.161500871181
0.444482713938, 0.555517315865
0.568781256676, 0.431218802929
0.935484886169, 0.0645150542259
0.731513679028, 0.26848629117
0.331272691488, 0.668727338314
0.122153155506, 0.877846837044
0.650217533112, 0.349782466888
0.607405006886, 0.392594993114
0.109485588968, 0.890514373779
0.68786919117, 0.31213080883
0.993908464909, 0.00609156209975
0.37223020196, 0.627769827843
0.241309970617, 0.758690059185
0.158656924963, 0.841343104839
0.576899647713, 0.423100322485
0.32590046525, 0.674099504948
0.560578584671, 0.439421415329
0.811683475971, 0.188316568732
0.743229806423, 0.256770193577
0.49956792593, 0.50043207407
0.222602769732, 0.777397215366
0.000578941660933, 0.999421060085
0.192693799734, 0.807306170464
0.698632240295, 0.301367759705
0.860646486282, 0.139353483915
0.715347409248, 0.284652590752
0.0943210572004, 0.905678987503
0.425711363554, 0.574288666248
0.794083058834, 0.205916985869
0.511628448963, 0.488371491432
0.567049443722, 0.432950526476
0.276821643114, 0.723178327084
0.696545422077, 0.303454577923
0.497060030699, 0.502939999104
0.281799972057, 0.718200027943
0.962662577629, 0.0373374074697
0.077605061233, 0.922394990921
0.46363696456, 0.536363065243
0.454735070467, 0.545264959335
0.164866909385, 0.835133135319
0.440176844597, 0.559823215008
0.216157391667, 0.783842623234
0.426056146622, 0.573943853378
0.101426377892, 0.898573637009
0.407942712307, 0.592057287693
0.673816621304, 0.326183438301
0.301982194185, 0.698017776012
0.896510779858, 0.103489212692
0.00363314524293, 0.996366858482
0.78367960453, 0.21632039547
0.308275908232, 0.691724121571
0.130830287933, 0.869169712067
0.7340965271, 0.2659034729
0.761769890785, 0.238230153918
0.406686574221, 0.593313455582
0.281138241291, 0.718861818314
0.495128810406, 0.50487112999
0.0961739346385, 0.903826057911
0.0967081189156, 0.903291881084
0.529854297638, 0.470145642757
0.218608379364, 0.781391620636
0.0388477519155, 0.961152255535
0.974820435047, 0.0251796022058
0.844259023666, 0.155740946531
0.552470326424, 0.447529762983
0.977707743645, 0.0222922377288
0.0230093579739, 0.976990580559
0.815951287746, 0.184048727155
0.088622033596, 0.911377966404
0.381829231977, 0.61817073822
0.613534152508, 0.386465877295
0.533852458, 0.466147542
0.585845589638, 0.41415438056
0.332532376051, 0.667467653751
0.777800917625, 0.222199127078
0.473459452391, 0.526540577412
0.235835820436, 0.764164209366
0.415579855442, 0.584420204163
0.433361321688, 0.56663864851
0.217335700989, 0.782664299011
0.361075639725, 0.638924360275
0.857509613037, 0.142490401864
0.154717385769, 0.845282614231
0.640950024128, 0.359049975872
0.465242981911, 0.534757018089
0.723005712032, 0.276994287968
0.777662575245, 0.222337454557
0.388472110033, 0.611527919769
0.729944109917, 0.270055919886
0.698580801487, 0.301419138908
0.683242738247, 0.316757321358
0.330761224031, 0.669238746166
0.789576172829, 0.210423842072
0.636134505272, 0.363865464926
0.681499004364, 0.318500995636
0.234433978796, 0.765565991402
0.677039206028, 0.32296076417
0.168816417456, 0.831183612347
0.163801416755, 0.836198568344
0.857745170593, 0.142254814506
0.119648605585, 0.880351424217
0.333221673965, 0.666778326035
0.426484882832, 0.573515117168
0.169589042664, 0.830410957336
0.547878980637, 0.452121049166
0.492028862238, 0.507971167564
0.302291840315, 0.697708129883
0.342663496733, 0.65733653307
0.463481724262, 0.536518275738
0.960338711739, 0.0396613180637
0.237568214536, 0.762431800365
0.0119660552591, 0.988033950329
0.836694300175, 0.163305744529
0.326971292496, 0.673028707504
0.605950951576, 0.394049048424
0.505722522736, 0.49427741766
0.41631129384, 0.583688735962
0.878574192524, 0.121425807476
0.456259697676, 0.543740272522
0.706832051277, 0.293167948723
0.255405396223, 0.744594573975
0.651943027973, 0.348056972027
0.877633750439, 0.122366279364
0.212942570448, 0.787057459354
0.489908218384, 0.510091781616
0.591422498226, 0.408577531576
0.423867821693, 0.576132178307
0.81596326828, 0.18403673172
0.745999753475, 0.254000246525
0.875259518623, 0.124740436673
0.532152473927, 0.467847585678
0.943055927753, 0.0569440312684
0.750527441502, 0.249472528696
0.073897793889, 0.926102221012
0.913508296013, 0.0864917039871
0.862370789051, 0.13762922585
0.633769571781, 0.366230487823
0.497929185629, 0.502070784569
0.979797840118, 0.0202021189034
0.807491362095, 0.192508667707
0.178927317262, 0.821072697639
0.191127628088, 0.80887234211
0.362561702728, 0.637438297272
0.360722601414, 0.639277458191
0.0952070429921, 0.904792964458
0.16569173336, 0.83430826664
0.691657781601, 0.308342248201
0.120262928307, 0.879737138748
0.0934778749943, 0.906522154808
0.0337833575904, 0.966216623783
0.484870374203, 0.515129685402
0.640149235725, 0.359850764275
0.41049066186, 0.589509308338
0.163761615753, 0.836238384247
0.248882636428, 0.751117408276
0.0939095020294, 0.906090497971
0.262950986624, 0.737048983574
0.828332602978, 0.17166736722
0.55328643322, 0.44671356678
0.152705132961, 0.847294867039
0.379536658525, 0.620463371277
0.597505152225, 0.402494847775
0.146716237068, 0.853283703327
0.357013970613, 0.642985999584
0.876171708107, 0.123828321695
0.618636965752, 0.381363064051
0.967133522034, 0.0328664705157
0.106541015208, 0.893459022045
0.751256942749, 0.248743012547
0.595444262028, 0.40455570817
0.0982000082731, 0.90180003643
0.079444296658, 0.920555651188
0.266570389271, 0.733429610729
0.128016322851, 0.871983706951
0.757408201694, 0.242591813207
0.356254607439, 0.643745422363
0.240015015006, 0.759985029697
0.900848031044, 0.0991519764066
0.809563815594, 0.190436124802
0.226221591234, 0.773778378963
0.683318793774, 0.316681146622
0.551609873772, 0.448390156031
0.423292696476, 0.576707243919
0.798788189888, 0.20121178031
0.198571145535, 0.801428854465
0.0869388878345, 0.913061082363
0.515578389168, 0.484421551228
0.710310995579, 0.289689034224
0.25380897522, 0.746190965176
0.991001188755, 0.00899880751967
0.144032269716, 0.855967760086
0.433500885963, 0.566499054432
0.0909410640597, 0.90905892849
0.918735742569, 0.081264257431
0.922522604465, 0.0774773955345
0.543292701244, 0.45670735836
0.378747791052, 0.62125223875
0.501510322094, 0.498489648104
0.405486851931, 0.594513118267
0.270743072033, 0.729256927967
0.50855910778, 0.491440832615
0.13483543694, 0.865164518356
0.63799315691, 0.36200684309
0.48982784152, 0.510172128677
0.249689459801, 0.750310540199
0.498684078455, 0.501315951347
0.114556543529, 0.885443508625
0.644252896309, 0.355747103691
0.529071688652, 0.470928370953
0.0302766561508, 0.969723403454
0.483541786671, 0.516458272934
0.63973981142, 0.36026018858
0.565907895565, 0.434092104435
0.995096623898, 0.00490335002542
0.263186275959, 0.736813724041
0.418169021606, 0.581830918789
0.78861451149, 0.211385414004
0.775718748569, 0.224281251431
0.957010924816, 0.0429891347885
0.608102381229, 0.391897618771
0.913807988167, 0.086191944778
0.236676618457, 0.763323426247
0.444164425135, 0.555835545063
0.156780049205, 0.843219935894
0.549270749092, 0.450729310513
0.863994657993, 0.136005401611
0.461510837078, 0.538489162922
0.933420360088, 0.0665796771646
0.691246747971, 0.308753222227
0.338163405657, 0.661836624146
0.279840856791, 0.720159113407
0.635984897614, 0.364015102386
0.473571777344, 0.526428163052
0.872699677944, 0.127300277352
0.525206267834, 0.474793732166
0.718778133392, 0.281221807003
0.500750899315, 0.499249070883
0.545783817768, 0.45421615243
0.629905641079, 0.370094329119
0.100698150694, 0.899301826954
0.0414220541716, 0.958577930927
0.880255162716, 0.119744881988
0.750437378883, 0.249562606215
0.0658060610294, 0.934193909168
0.348659664392, 0.651340305805
0.99176222086, 0.00823773723096
0.498831778765, 0.501168191433
0.87692040205, 0.123079627752
0.196773245931, 0.80322676897
0.0401329770684, 0.95986700058
0.771236896515, 0.228763133287
0.0528473630548, 0.947152614594
0.506140053272, 0.493859946728
0.120832510293, 0.879167497158
0.314162224531, 0.685837805271
0.172295764089, 0.827704191208
0.311293035746, 0.688706994057
0.508309364319, 0.491690665483
0.695666015148, 0.304333984852
0.397131145, 0.602868855
0.0908307954669, 0.909169256687
0.297747433186, 0.702252626419
0.392880231142, 0.607119739056
0.618326842785, 0.38167321682
0.699746131897, 0.300253868103
0.405720502138, 0.59427946806
0.702815055847, 0.297184944153
0.461986958981, 0.538013041019
0.506857931614, 0.493142127991
0.209802031517, 0.790197968483
0.427940756083, 0.57205927372
0.00677613355219, 0.993223905563
0.139468818903, 0.860531210899
0.0174329131842, 0.982567071915
0.781534969807, 0.218465030193
0.223462477326, 0.776537537575
0.496848613024, 0.503151416779
0.387235164642, 0.612764835358
0.532794892788, 0.46720507741
0.1988068223, 0.801193118095
0.579761922359, 0.420238077641
0.593294799328, 0.406705230474
0.437188357115, 0.562811613083
0.929726302624, 0.0702737122774
0.0960859805346, 0.903914034367
0.610535919666, 0.389464080334
0.143647357821, 0.856352627277
0.421062976122, 0.578936994076
0.697083592415, 0.302916407585
0.285694152117, 0.714305818081
0.750960171223, 0.249039888382
0.615763187408, 0.384236782789
0.00714271236211, 0.992857217789
0.14043520391, 0.859564781189
0.496131956577, 0.503868043423
0.0193327069283, 0.980667293072
0.513986349106, 0.486013650894
0.875249862671, 0.124750129879
0.776846885681, 0.223153144121
0.903416275978, 0.0965837016702
0.896715223789, 0.103284791112
0.819179713726, 0.180820345879
0.280316859484, 0.719683110714
0.582125902176, 0.417874127626
0.608011364937, 0.391988605261
0.940966367722, 0.0590336471796
0.680856466293, 0.319143503904
0.640207886696, 0.359792202711
0.436315178871, 0.563684880733
0.956766784191, 0.043233178556
0.641382694244, 0.358617335558
0.844651401043, 0.155348598957
0.512246966362, 0.487753093243
0.809959352016, 0.190040662885
0.634810686111, 0.365189343691
0.220302194357, 0.779697835445
0.67849946022, 0.32150053978
0.61474019289, 0.385259777308
0.0168991684914, 0.983100831509
0.566103518009, 0.433896511793
0.136033624411, 0.863966345787
0.60342592001, 0.396574139595
0.972885906696, 0.0271140560508
0.782249867916, 0.217750191689
0.333517998457, 0.666481971741
0.724303305149, 0.275696754456
0.551920354366, 0.448079675436
0.409435510635, 0.590564489365
0.85332018137, 0.146679878235
0.606919288635, 0.393080681562
0.0256833098829, 0.974316716194
0.532047450542, 0.46795257926
0.45559078455, 0.54440921545
0.305834561586, 0.694165468216
0.340080350637, 0.65991961956
0.22864960134, 0.771350383759
0.616320967674, 0.38367909193
0.19974000752, 0.800259947777
0.2750017941, 0.724998176098
0.244359046221, 0.755640983582