-5, 20
-7, 20
-6, 20
-9, 0
-5, 20
-3, 20
-6, 20
-8, 20
-15, 20
-10, 20
-5, 20
-5, 20
-5, 20
-9, 0
-4, 20
-8, 20
-8, 20
-5, 20
-12, 20
-3, 20
-8, 0
-15, 20
-9, 0
-3, 20
-5, 20
-25, 20
-5, 20
-11, 20
-10, 20
-6, 20
-10, 0
-4, 20
-8, 20
-5, 20
-4, 20
-3, 20
-7, 20
-4, 20
-9, 20
-5, 20
-5, 20
-3, 20
-6, 20
-3, 20
-5, 20
-5, 20
-5, 20
-9, 0
-3, 20
-11, 20
-6, 20
-8, 20
-7, 0
-7, 20
-5, 20
-7, 20
-25, 0
-10, 20
-5, 20
-7, 20
-5, 20
-5, 20
-4, 20
-11, 20
-4, 20
-7, 20
-3, 20
-5, 20
-6, 20
-3, 20
-13, 20
-6, 20
-5, 20
-6, 20
-4, 20
-8, 20
-10, 20
-10, 20
-4, 20
-6, 20
-4, 20
-25, 0
-10, 20
-10, 20
-7, 20
-4, 20
-8, 0
-7, 20
-5, 20
-9, 20
-6, 20
-4, 20
-9, 0
-21, 0
-8, 20
-8, 0
-12, 20
-5, 20
-9, 20
-7, 0
-2, 20
-7, 20
-12, 20
-12, 20
-6, 20
-9, 0
-8, 0
-20, 20
-21, 20
-5, 20
-5, 20
-4, 20
-6, 20
-5, 20
-4, 20
-4, 20
-3, 20
-25, 0
-3, 20
-23, 20
-4, 20
-9, 20
-3, 20
-7, 20
-6, 20
-5, 20
-4, 20
-8, 20
-16, 20
-6, 20
-9, 20
-5, 20
-5, 20
-6, 20
-6, 20
-7, 0
-2, 20
-7, 20
-7, 20
-3, 20
-9, 20
-10, 20
-3, 20
-5, 20
-3, 20
-8, 20
-11, 20
-3, 20
-12, 20
-6, 20
-4, 20
-9, 20
-7, 20
-4, 20
-9, 20
-13, 20
-5, 20
-14, 20
-8, 20
-6, 20
-6, 20
-4, 20
-7, 20
-8, 0
-13, 20
-9, 20
-7, 0
-8, 20
-4, 20
-7, 20
-7, 20
-4, 20
-9, 0
-5, 20
-13, 20
-6, 20
-6, 20
-13, 20
-8, 20
-11, 20
-9, 20
-6, 20
-9, 20
-4, 20
-6, 20
-8, 20
-6, 20
-9, 0
-10, 20
-6, 20
-6, 20
-7, 20
-11, 20
-9, 0
-17, 20
-6, 20
-22, 20
-12, 20
-20, 20
-13, 20
-7, 20
-13, 20
-17, 20
-9, 20
-12, 20
-5, 20
-10, 20
-8, 20
-25, 0
-9, 20
-5, 20
-7, 20
-7, 20
-4, 20
-6, 20
-7, 20
-8, 20
-5, 20
-5, 20
-6, 20
-5, 20
-13, 20
-4, 20
-9, 20
-7, 20
-6, 20
-9, 0
-18, 20
-6, 20
-5, 20
-13, 20
-13, 20
-25, 0
-5, 20
-15, 20
-4, 20
-6, 20
-10, 20
-3, 20
-12, 20
-8, 20
-4, 20
-7, 20
-4, 20
-4, 20
-5, 20
-9, 20
-4, 20
-8, 0
-5, 20
-4, 20
-8, 20
-8, 20
-15, 20
-10, 20
-4, 20
-6, 20
-7, 20
-8, 20
-7, 20
-4, 20
-7, 0
-5, 20
-2, 20
-5, 20
-7, 0
-4, 20
-3, 20
-3, 20
-2, 20
-6, 20
-8, 20
-13, 20
-8, 20
-14, 20
-5, 20
-10, 20
-6, 20
-3, 20
-7, 20
-5, 20
-5, 20
-6, 20
-4, 20
-5, 20
-8, 20
-8, 20
-17, 20
-11, 20
-3, 20
-3, 20
-5, 20
-7, 20
-9, 0
-9, 20
-8, 20
-6, 20
-9, 20
-5, 20
-7, 20
-25, 0
-6, 20
-5, 20
-6, 20
-9, 20
-8, 20
-9, 0
-6, 20
-22, 20
-17, 20
-5, 20
-5, 20
-3, 20
-5, 20
-15, 20
-7, 20
-8, 20
-3, 20
-6, 20
-6, 20
-6, 20
-3, 20
-9, 20
-3, 20
-8, 0
-9, 20
-2, 20
-12, 20
-4, 20
-4, 20
-11, 20
-6, 20
-11, 20
-6, 20
-4, 20
-8, 0
-6, 20
-25, 0
-18, 20
-4, 20
-8, 20
-25, 0
-5, 20
-4, 20
-5, 20
-4, 20
-3, 20
-8, 20
-7, 20
-8, 20
-7, 20
-5, 20
-25, 0
-9, 20
-6, 20
-4, 20
-10, 20
-25, 0
-6, 20
-10, 20
-7, 20
-5, 20
-5, 20
-3, 20
-9, 20
-25, 0
-6, 20
-5, 20
-5, 20
-8, 20
-14, 20
-25, 0
-4, 20
-6, 20
-8, 20
-13, 20
-7, 20
-4, 20
-5, 20
-9, 0
-4, 20
-8, 20
-6, 20
-4, 20
-7, 20
-8, 20
-4, 20
-5, 20
-9, 20
-6, 20
-4, 20
-9, 20
-5, 20
-5, 20
-7, 20
-7, 20
-6, 20
-12, 20
-7, 20
-7, 20
-10, 20
-8, 20
-7, 20
-7, 20
-4, 20
-5, 20
-6, 20
-5, 20
-5, 20
-9, 20
-6, 20
-7, 20
-12, 20
-7, 20
-8, 20
-6, 20
-6, 20
-7, 20
-7, 20
-7, 20
-2, 20
-7, 20
-5, 20
-5, 20
-8, 20
-6, 20
-4, 20
-3, 20
-10, 20
-2, 20
-10, 20
-13, 20
-5, 20
-25, 0
-6, 20
-6, 20
-10, 20
-4, 20
-5, 20
-6, 20
-5, 20
-7, 20
-7, 20
-5, 20
-3, 20
-7, 20
-3, 20
-5, 20
-15, 20
-4, 20
-7, 20
-5, 20
-25, 0
-5, 20
-10, 20
-11, 20
-3, 20
-6, 20
-7, 20
-13, 20
-5, 20
-5, 20
-7, 20
-6, 20
-8, 20
-9, 20
-4, 20
-7, 20
-9, 20
-6, 20
-6, 20
-7, 20
-3, 20
-3, 20
-6, 20
-25, 20
-9, 20
-9, 20
-13, 20
-8, 20
-3, 20
-2, 20
-5, 20
-9, 0
-9, 20
-11, 20
-5, 20
-8, 20
-5, 20
-6, 20
-7, 0
-7, 20
-12, 20
-14, 20
-9, 20
-9, 0
-7, 20
-10, 20
-5, 20
-13, 0
-8, 20
-4, 20
-12, 20
-10, 20
-11, 20
-5, 20
-4, 20
-19, 20
-9, 20
-9, 0
-8, 20
-8, 0
-3, 20
-17, 20
-20, 20
-5, 20
-7, 20
-10, 20
-6, 20
-10, 20
-8, 20
-5, 20
-9, 20
-17, 20
-8, 20
-4, 20
-9, 20
-2, 20
-7, 20
-3, 20
-6, 20
-5, 20
-5, 20
-6, 20
-5, 20
-5, 20
-3, 20
-8, 20
-9, 20
-7, 20
-5, 20
-6, 20
-8, 20
-12, 20
-4, 20
-7, 20
-4, 20
-12, 20
-4, 20
-4, 20
-14, 20
-4, 20
-4, 20
-4, 20
-8, 20
-8, 20
-2, 20
-10, 20
-23, 20
-7, 20
-6, 20
-5, 20
-5, 20
-4, 20
-5, 20
-6, 20
-3, 20
-3, 20
-9, 20
-11, 20
-3, 20
-6, 20
-6, 20
-5, 20
-21, 20
-5, 20
-10, 20
-10, 20
-7, 20
-8, 20
-17, 20
-5, 20
-5, 20
-9, 0
-4, 20
-8, 20
-7, 20
-10, 20
-4, 20
-9, 20
-8, 20
-8, 20
-11, 20
-5, 20
-9, 20
-7, 20
-10, 20
-5, 20
-6, 20
-4, 20
-5, 20
-8, 20
-11, 20
-8, 0
-7, 20
-7, 20
-3, 20
-5, 20
-14, 20
-7, 20
-9, 20
-25, 0
-3, 20
-3, 20
-8, 20
-4, 20
-6, 20
-16, 20
-6, 20
-2, 20
-5, 20
-8, 20
-6, 20
-15, 20
-5, 20
-4, 20
-5, 20
-8, 20
-9, 20
-7, 20
-3, 20
-5, 20
-3, 20
-13, 20
-7, 20
-6, 20
-9, 20
-9, 20
-25, 0
-6, 20
-3, 20
-14, 20
-5, 20
-7, 20
-5, 20
-6, 20
-8, 20
-9, 20
-3, 20
-7, 20
-8, 20
-5, 20
-5, 20
-7, 20
-6, 20
-5, 20
-8, 20
-4, 20
-10, 20
-5, 20
-8, 20
-8, 20
-25, 0
-5, 20
-5, 20
-13, 20
-3, 20
-16, 20
-10, 20
-5, 20
-6, 20
-6, 20
-8, 20
-25, 0
-8, 20
-7, 20
-8, 0
-25, 0
-7, 20
-8, 0
-6, 20
-14, 20
-5, 20
-4, 20
-10, 20
-5, 20
-5, 20
-4, 20
-14, 20
-6, 20
-6, 20
-6, 20
-6, 20
-7, 20
-3, 20
-7, 20
-5, 20
-6, 20
-6, 20
-4, 20
-15, 20
-6, 20
-6, 20
-9, 20
-10, 20
-4, 20
-5, 20
-11, 20
-25, 20
-3, 20
-2, 20
-8, 20
-5, 20
-7, 20
-10, 20
-6, 20
-4, 20
-8, 20
-9, 0
-9, 20
-11, 20
-4, 20
-11, 20
-5, 20
-4, 20
-3, 20
-8, 0
-6, 20
-6, 20
-5, 20
-9, 0
-5, 20
-4, 20
-4, 20
-5, 20
-7, 20
-6, 20
-7, 20
-3, 20
-11, 20
-5, 20
-8, 20
-10, 0
-8, 20
-9, 20
-5, 20
-6, 20
-6, 20
-3, 20
-7, 20
-19, 20
-9, 20
-6, 20
-5, 20
-6, 20
-7, 20
-8, 20
-12, 20
-5, 20
-5, 20
-4, 20
-7, 20
-9, 0
-8, 20
-9, 20
-4, 20
-8, 20
-4, 20
-11, 0
-7, 20
-8, 20
-19, 20
-3, 20
-5, 20
-5, 20
-13, 20
-3, 20
-6, 20
-6, 20
-5, 20
-5, 20
-8, 20
-17, 20
-7, 20
-3, 20
-6, 20
-9, 20
-6, 20
-6, 20
-9, 20
-9, 20
-8, 20
-11, 20
-6, 20
-4, 20
-2, 20
-4, 20
-2, 20
-7, 20
-3, 20
-6, 20
-5, 20
-10, 20
-9, 20
-25, 0
-12, 20
-5, 20
-11, 20
-10, 20
-9, 0
-4, 20
-5, 20
-4, 20
-9, 20
-5, 20
-8, 20
-12, 20
-10, 20
-21, 20
-9, 0
-3, 20
-8, 20
-8, 20
-10, 20
-25, 0
-8, 20
-3, 20
-5, 20
-4, 20
-5, 20
-15, 20
-3, 20
-9, 20
-13, 20
-5, 20
-7, 20
-11, 20
-5, 20
-6, 20
-7, 20
-7, 20
-9, 20
-6, 20
-9, 20
-5, 20
-8, 20
-7, 20
-8, 20
-3, 20
-25, 0
-9, 0
-14, 20
-9, 0
-5, 20
-9, 20
-5, 20
-4, 20
-13, 0
-5, 20
-5, 20
-7, 20
-10, 20
-7, 20
-11, 20
-8, 20
-6, 20
-9, 20
-5, 20
-5, 20
-7, 20
-15, 20
-8, 20
-5, 20
-6, 20
-5, 20
-5, 20
-5, 20
-4, 20
-3, 20
-9, 0
-5, 20
-3, 20
-6, 20
-9, 20
-5, 20
-6, 20
-7, 20
-7, 20
-8, 20
-7, 20
-10, 20
-2, 20
-8, 20
-4, 20
-7, 20
-25, 0
-3, 20
-6, 20
-8, 20
-10, 20
-25, 0
-5, 20
-3, 20
-7, 20
-6, 20
-7, 20
-5, 20
-2, 20
-9, 20
-9, 20
-6, 20
-7, 0
-9, 20
-11, 20
-7, 20
-5, 20
-9, 20
-6, 20
-5, 20
-2, 20
-4, 20
-3, 20
-9, 20
-9, 20
-4, 20
-10, 20
-7, 20
-7, 20
-6, 20
-9, 20
-9, 20
-15, 20
-10, 20
-7, 20
-2, 20
-3, 20
-11, 20
-6, 20
-22, 20
-6, 20
-10, 20
-9, 20
-13, 20
-5, 20
-6, 20
-6, 20
-9, 20
-9, 20
-6, 20
-5, 20
-7, 20
-5, 20
-25, 0
-3, 20
-14, 20
-8, 20
-4, 20
-5, 20
-8, 20
-10, 20
-5, 20
-6, 20
-8, 20
-9, 20
-8, 20
-4, 20
-6, 20
-9, 20
-5, 20
-9, 20
-8, 20
-5, 20
-7, 20
-6, 20
-7, 20
-9, 20
-5, 20
-3, 20
-7, 20
-5, 20
-9, 20
-3, 20
-10, 20
-7, 20
-7, 20
-16, 20
-7, 20
-2, 20
-11, 20
-8, 20
-6, 20
-7, 20
-25, 20
-6, 20
-17, 20
-11, 20
-11, 20
-5, 20
-7, 20
-7, 20